528.37
178.48
519.53
132.34
516.06
125.22
516.14
504.75
319.47
305.69
214.43
116.35
130.58
-272.04
131.29
527.74
1672.91
321.82
7083.89
3011.84
4334.38
161.14
331.02
152.36
-1062.57
366.72
638.02
162.34
197.70
6873.59
331.41
5485.22
6760.28
214.63
141.81
144.48
2099.45
133.77
1545.30
1190.90
150.54
294.21
152.16
317.60
135.17
157.73
1342.77
177.31
316.22
299.77
4145.97
404.55
207.02
4050.42
442.29
1539.32
5324.62
337.38
157.27
-185.74
129.11
150.60
271.70
190.29
1992.23
315.76
310.96
726.84
-231.54
536.12
307.73
264.66
117.32
520.97
140.92
447.90
154.75
6070.60
5861.84
184.65
148.02
138.53
140.78
174.21
249.54
2465.01
214.32
203.24
194.79
325.56
252.41
329.96
342.07
187.18
323.04
316.53
1579.11
582.84
312.67
2690.15
1041.81
1222.07
656.87
1702.57
1176.50
384.69
1474.66
1534.21
696.43
1475.77
1533.25
2933.81
1337.72
1580.40
1602.96
5881.34
329.81
1409.32
1074.59
1626.77
1689.35
2302.47
520.89
1078.80
2278.65
2718.12
975.01
677.55
-91.76
1100.36
1497.40
1054.42
-118.31
4554.70
1472.56
1058.89
1219.95
1330.54
1511.81
906.40
713.99
1176.36
1191.23
1162.76
869.51
1376.32
2684.06
1115.48
2433.69
1483.73
5219.64
